20
50
100
-1.50221 -1.2524 -0.05687 0.0 1.05 2.49 3.89 1.282
-1.01391 -2.16768 0.29389 0.0 0.25 0.8 4.2 1.209
-1.61961 -1.33474 -1.14243 0.0 0.25 0.8 4.2 1.209
-2.5062 -1.23186 0.38012 0.0 0.25 0.8 4.2 1.209
-0.70314 -0.0001 0.33235 0.0 1.05 2.49 3.89 1.282
-0.56563 -0.00031 1.44122 0.0 0.25 0.8 4.2 1.209
0.70314 -0.00011 -0.33235 0.0 1.05 2.49 3.89 1.282
0.56563 -0.0003 -1.44122 0.0 0.25 0.8 4.2 1.209
1.50197 1.25248 0.05641 0.0 1.05 2.49 3.89 1.282
1.61902 1.33545 1.14195 0.0 0.25 0.8 4.2 1.209
2.50609 1.23179 -0.38025 0.0 0.25 0.8 4.2 1.209
1.01369 2.1675 -0.29504 0.0 0.25 0.8 4.2 1.209
-1.50196 1.25249 -0.05641 0.0 1.05 2.49 3.89 1.282
-1.01327 2.16757 0.29428 0.0 0.25 0.8 4.2 1.209
-1.61972 1.33499 -1.14191 0.0 0.25 0.8 4.2 1.209
-2.50578 1.23218 0.38097 0.0 0.25 0.8 4.2 1.209
1.5022 -1.25241 0.05687 0.0 1.05 2.49 3.89 1.282
1.62032 -1.33428 1.14239 0.0 0.25 0.8 4.2 1.209
1.01349 -2.16775 -0.29313 0.0 0.25 0.8 4.2 1.209
2.50588 -1.23226 -0.38083 0.0 0.25 0.8 4.2 1.209
0 0 0 0 0 0 1 1 1 1 1 0 1 1 1 1 1 1 1
0 0 0 1 1 1 1 1 1 1 1 1 1 1 1 1 1 1
0 0 1 1 1 1 1 1 1 1 1 1 1 1 1 1 1
0 1 1 1 1 1 1 1 1 1 1 1 1 1 1 1
0 0 0 0 1 1 1 0 0 0 0 0 1 1 1
0 1 1 1 1 1 0 1 1 1 1 1 1 1
0 0 0 0 0 0 1 1 1 0 0 0 0
0 1 1 1 1 1 1 1 0 1 1 1
0 0 0 1 1 1 1 0 1 1 1
0 0 1 1 1 1 1 1 1 1
0 1 1 1 1 1 1 1 1
1 1 1 1 1 1 1 1
0 0 0 1 1 1 1
0 0 1 1 1 1
0 1 1 1 1
1 1 1 1
0 0 0
0 0
0
1
0 4 6 8 3 -180.0 0.0 -22.2 0.428330937548 22.2 0.428330937548
10 6 7 8 9 10 11 16 17 18 19
0
1500
0
