20
50
100
-2.53156 -0.2239 -0.36847 0.0 1.05 2.49 3.89 1.282
-2.46485 -0.43885 -1.44095 0.0 0.25 0.8 4.2 1.209
-2.7223 0.85026 -0.26121 0.0 0.25 0.8 4.2 1.209
-3.40852 -0.7534 0.01991 0.0 0.25 0.8 4.2 1.209
-1.26292 -0.64528 0.36927 0.0 1.05 2.49 3.89 1.282
-1.37369 -0.44307 1.45169 0.0 0.25 0.8 4.2 1.209
-1.13832 -1.74235 0.2797 0.0 0.25 0.8 4.2 1.209
0.0 0.06439 -0.16903 0.0 1.05 2.49 3.89 1.282
1e-05 -0.01463 -1.28389 0.0 0.25 0.8 4.2 1.209
1.26294 -0.64524 0.3693 0.0 1.05 2.49 3.89 1.282
1.13834 -1.74233 0.27979 0.0 0.25 0.8 4.2 1.209
1.37371 -0.44297 1.4517 0.0 0.25 0.8 4.2 1.209
2.53156 -0.2239 -0.36848 0.0 1.05 2.49 3.89 1.282
2.72226 0.85028 -0.26135 0.0 0.25 0.8 4.2 1.209
3.40854 -0.75332 0.01997 0.0 0.25 0.8 4.2 1.209
2.46487 -0.43898 -1.44093 0.0 0.25 0.8 4.2 1.209
-2e-05 1.55011 0.21101 0.0 1.05 2.49 3.89 1.282
-0.88354 2.06088 -0.18652 0.0 0.25 0.8 4.2 1.209
-0.0001 1.69054 1.29687 0.0 0.25 0.8 4.2 1.209
0.88357 2.06087 -0.18638 0.0 0.25 0.8 4.2 1.209
0 0 0 0 0 0 0 1 1 1 1 1 1 1 1 1 1 1 1
0 0 0 1 1 1 1 1 1 1 1 1 1 1 1 1 1 1
0 0 1 1 1 1 1 1 1 1 1 1 1 1 1 1 1
0 1 1 1 1 1 1 1 1 1 1 1 1 1 1 1
0 0 0 0 0 1 1 1 1 1 1 0 1 1 1
0 0 1 1 1 1 1 1 1 1 1 1 1 1
0 1 1 1 1 1 1 1 1 1 1 1 1
0 0 0 0 0 1 1 1 0 0 0 0
0 1 1 1 1 1 1 0 1 1 1
0 0 0 0 0 0 0 1 1 1
0 0 1 1 1 1 1 1 1
0 1 1 1 1 1 1 1
0 0 0 1 1 1 1
0 0 1 1 1 1
0 1 1 1 1
1 1 1 1
0 0 0
0 0
0
2
0 4 7 9 3 -180.0 0.0 -22.2 0.428330937548 22.2 0.428330937548
13 7 8 9 10 11 12 13 14 15 16 17 18 19
0
4 7 9 12 3 -180.0 0.0 -22.2 0.428330937548 22.2 0.428330937548
7 9 10 11 12 13 14 15
0
1500
0
