20
50
100
3.19034 -0.20978 0.0 0.0 1.05 2.49 3.89 1.282
3.28384 -0.85225 -0.88299 0.0 0.25 0.8 4.2 1.209
3.28384 -0.85224 0.883 0.0 0.25 0.8 4.2 1.209
4.04643 0.4742 -0.0 0.0 0.25 0.8 4.2 1.209
1.8701 0.55793 -0.0 0.0 1.05 2.49 3.89 1.282
1.82536 1.2242 0.88374 0.0 0.25 0.8 4.2 1.209
1.82536 1.2242 -0.88374 0.0 0.25 0.8 4.2 1.209
0.66142 -0.3885 -0.0 0.0 1.05 2.49 3.89 1.282
0.70788 -1.05504 0.88249 0.0 0.25 0.8 4.2 1.209
0.70788 -1.05504 -0.88249 0.0 0.25 0.8 4.2 1.209
-0.66142 0.3885 0.0 0.0 1.05 2.49 3.89 1.282
-0.70788 1.05504 -0.88249 0.0 0.25 0.8 4.2 1.209
-0.70788 1.05504 0.88249 0.0 0.25 0.8 4.2 1.209
-1.8701 -0.55793 0.0 0.0 1.05 2.49 3.89 1.282
-1.82536 -1.2242 0.88374 0.0 0.25 0.8 4.2 1.209
-1.82536 -1.2242 -0.88374 0.0 0.25 0.8 4.2 1.209
-3.19034 0.20978 0.0 0.0 1.05 2.49 3.89 1.282
-3.28384 0.85224 -0.883 0.0 0.25 0.8 4.2 1.209
-4.04643 -0.4742 0.0 0.0 0.25 0.8 4.2 1.209
-3.28384 0.85224 0.883 0.0 0.25 0.8 4.2 1.209
0 0 0 0 0 0 0 1 1 1 1 1 1 1 1 1 1 1 1
0 0 0 1 1 1 1 1 1 1 1 1 1 1 1 1 1 1
0 0 1 1 1 1 1 1 1 1 1 1 1 1 1 1 1
0 1 1 1 1 1 1 1 1 1 1 1 1 1 1 1
0 0 0 0 0 0 1 1 1 1 1 1 1 1 1
0 0 1 1 1 1 1 1 1 1 1 1 1 1
0 1 1 1 1 1 1 1 1 1 1 1 1
0 0 0 0 0 0 1 1 1 1 1 1
0 0 1 1 1 1 1 1 1 1 1
0 1 1 1 1 1 1 1 1 1
0 0 0 0 0 0 1 1 1
0 0 1 1 1 1 1 1
0 1 1 1 1 1 1
0 0 0 0 0 0
0 0 1 1 1
0 1 1 1
0 0 0
0 0
0
3
10 7 4 0 3 -180.0 0.0 -22.2 0.428330937548 22.2 0.428330937548
7 0 1 2 3 4 5 6
0
13 10 7 4 3 -180.0 0.0 -22.2 0.428330937548 22.2 0.428330937548
10 0 1 2 3 4 5 6 7 8 9
0
16 13 10 7 3 -180.0 0.0 -22.2 0.428330937548 22.2 0.428330937548
13 0 1 2 3 4 5 6 7 8 9 10 11 12
0
1500
0
