20
50
100
1.64239 0.95768 -0.00296 0.0 1.05 2.49 3.89 1.282
1.64434 1.6059 0.8783 0.0 0.25 0.8 4.2 1.209
1.64393 1.60097 -0.88783 0.0 0.25 0.8 4.2 1.209
2.58667 0.40435 -0.00163 0.0 0.25 0.8 4.2 1.209
0.43176 -0.00156 -0.0 0.0 1.05 2.49 3.89 1.282
-0.86293 0.85618 -0.00176 0.0 1.05 2.49 3.89 1.282
-0.85094 1.52305 -0.88565 0.0 0.25 0.8 4.2 1.209
-0.85091 1.52663 0.87943 0.0 0.25 0.8 4.2 1.209
-2.15747 0.04804 -0.00012 0.0 1.05 2.49 3.89 1.282
-2.23136 -0.59586 0.88364 0.0 0.25 0.8 4.2 1.209
-3.03143 0.70894 0.00092 0.0 0.25 0.8 4.2 1.209
-2.23352 -0.59594 -0.88362 0.0 0.25 0.8 4.2 1.209
0.49427 -0.88988 -1.25634 0.0 1.05 2.49 3.89 1.282
-0.32579 -1.6148 -1.27397 0.0 0.25 0.8 4.2 1.209
0.42573 -0.29402 -2.1714 0.0 0.25 0.8 4.2 1.209
1.43053 -1.4546 -1.29931 0.0 0.25 0.8 4.2 1.209
0.49515 -0.8832 1.26098 0.0 1.05 2.49 3.89 1.282
1.43099 -1.44847 1.30579 0.0 0.25 0.8 4.2 1.209
0.42827 -0.28242 2.17295 0.0 0.25 0.8 4.2 1.209
-0.32553 -1.60731 1.28353 0.0 0.25 0.8 4.2 1.209
0 0 0 0 0 1 1 1 1 1 1 0 1 1 1 0 1 1 1
0 0 0 1 1 1 1 1 1 1 1 1 1 1 1 1 1 1
0 0 1 1 1 1 1 1 1 1 1 1 1 1 1 1 1
0 1 1 1 1 1 1 1 1 1 1 1 1 1 1 1
0 0 0 0 1 1 1 0 0 0 0 0 0 0 0
0 0 0 0 0 0 0 1 1 1 0 1 1 1
0 0 1 1 1 1 1 1 1 1 1 1 1
0 1 1 1 1 1 1 1 1 1 1 1
0 0 0 1 1 1 1 1 1 1 1
0 0 1 1 1 1 1 1 1 1
0 1 1 1 1 1 1 1 1
1 1 1 1 1 1 1 1
0 0 0 0 1 1 1
0 0 1 1 1 1
0 1 1 1 1
1 1 1 1
0 0 0
0 0
0
1
8 5 4 12 3 -180.0 0.0 -22.2 0.428330937548 22.2 0.428330937548
13 0 1 2 3 4 12 13 14 15 16 17 18 19
0
1500
0
