20
50
100
2.15017 -1.02873 0.01562 0.0 1.05 2.49 3.89 1.282
1.93193 -2.01197 -0.41346 0.0 0.25 0.8 4.2 1.209
2.25288 -1.15659 1.09841 0.0 0.25 0.8 4.2 1.209
3.12548 -0.71229 -0.36883 0.0 0.25 0.8 4.2 1.209
1.05746 -0.00773 -0.33273 0.0 1.05 2.49 3.89 1.282
0.98352 0.05724 -1.44702 0.0 0.25 0.8 4.2 1.209
-0.30369 -0.47865 0.22238 0.0 1.05 2.49 3.89 1.282
-0.31055 -0.39203 1.32492 0.0 0.25 0.8 4.2 1.209
-0.43677 -1.55668 0.00923 0.0 0.25 0.8 4.2 1.209
-1.48037 0.30722 -0.37151 0.0 1.05 2.49 3.89 1.282
-1.46849 0.22533 -1.47594 0.0 0.25 0.8 4.2 1.209
-1.36376 1.38587 -0.14682 0.0 0.25 0.8 4.2 1.209
-2.82098 -0.1882 0.16734 0.0 1.05 2.49 3.89 1.282
-2.87911 -0.08777 1.25703 0.0 0.25 0.8 4.2 1.209
-3.65412 0.38056 -0.2599 0.0 0.25 0.8 4.2 1.209
-2.98693 -1.24442 -0.07276 0.0 0.25 0.8 4.2 1.209
1.43309 1.3783 0.20747 0.0 1.05 2.49 3.89 1.282
0.67069 2.12374 -0.04299 0.0 0.25 0.8 4.2 1.209
1.53747 1.37154 1.29762 0.0 0.25 0.8 4.2 1.209
2.38371 1.72429 -0.21088 0.0 0.25 0.8 4.2 1.209
0 0 0 0 0 0 1 1 1 1 1 1 1 1 1 0 1 1 1
0 0 0 1 1 1 1 1 1 1 1 1 1 1 1 1 1 1
0 0 1 1 1 1 1 1 1 1 1 1 1 1 1 1 1
0 1 1 1 1 1 1 1 1 1 1 1 1 1 1 1
0 0 0 0 0 1 1 1 1 1 1 0 0 0 0
0 1 1 1 1 1 1 1 1 1 0 1 1 1
0 0 0 0 0 0 1 1 1 0 1 1 1
0 0 1 1 1 1 1 1 1 1 1 1
0 1 1 1 1 1 1 1 1 1 1
0 0 0 0 0 0 1 1 1 1
0 0 1 1 1 1 1 1 1
0 1 1 1 1 1 1 1
0 0 0 1 1 1 1
0 0 1 1 1 1
0 1 1 1 1
1 1 1 1
0 0 0
0 0
0
2
9 6 4 16 3 -180.0 0.0 -22.2 0.428330937548 22.2 0.428330937548
10 0 1 2 3 4 5 16 17 18 19
0
12 9 6 4 3 -180.0 0.0 -22.2 0.428330937548 22.2 0.428330937548
13 0 1 2 3 4 5 6 7 8 16 17 18 19
0
1500
0
